1 0 1 1 1 1 1 1 1 1 1 1 1 1 1 1 1 1 1
1 0 0 0 0 0 0 0 0 0 0 0 0 0 0 0 0 0 1
1 0 0 0 0 0 0 0 0 0 0 0 0 0 0 0 0 0 1
1 0 0 0 0 0 0 0 0 -4 -4 -4 0 0 0 0 0 0 1
1 0 0 0 0 0 -4 0 -4 -7 -7 -7 -4 0 0 0 0 0 1
1 0 0 0 0 -4 -7 -4 -7 -7 -7 -4 0 0 0 0 0 0 1
1 0 0 0 -4 -4 -7 -4 -7 -7 -4 0 -4 0 -4 0 0 0 1
1 0 0 -4 -7 -4 -4 -7 -7 -7 -4 -4 -4 -4 -7 -4 0 0 1
1 0 0 -4 -7 -7 -4 -7 -7 -4 -4 -7 -7 -7 -7 -4 0 0 1
1 0 0 0 -4 -7 -4 -7 -7 -4 -7 -7 -7 -7 -4 0 0 0 1
1 0 0 0 0 -4 -3 -4 -7 -4 -7 -4 -4 -4 0 0 0 0 1
1 0 0 0 0 -4 -3 -3 -3 -3 -3 -3 -4 0 0 0 0 0 1
1 0 0 0 -4 -3 -6 -3 -3 -3 -3 -3 -3 -4 0 0 0 0 1
1 0 0 0 -4 -3 -3 -3 -3 -6 -3 -3 -3 -4 0 0 0 0 1
1 0 0 0 -4 -3 -3 -5 -5 -3 -3 -3 -3 -4 0 0 0 0 1
1 0 0 0 0 -4 -4 -3 -5 -3 -3 -4 -4 0 0 0 0 0 1
1 0 0 0 0 0 -4 -4 -4 -4 -4 -4 0 0 0 0 0 0 1
1 0 -4 -4 0 0 0 0 0 0 0 -4 0 0 0 0 0 0 1
1 0 -4 0 0 0 0 0 0 0 0 0 0 0 0 0 0 0 1
1 -4 -4 0 0 0 0 0 0 0 0 -4 0 -4 0 0 0 0 1
1 0 0 0 0 0 0 0 0 0 0 -4 0 0 0 0 0 0 1
1 -4 -4 -4 0 -4 -4 -4 0 -4 -4 -4 0 -4 0 -4 -4 -4 1
1 -4 0 -4 0 -4 0 -4 0 -4 0 -4 0 -4 0 -4 0 -4 1
1 -4 -4 -4 0 -4 -4 -4 0 -4 -4 -4 0 -4 0 -4 0 -4 1
1 0 0 -4 0 0 0 0 0 0 0 0 0 0 0 0 0 0 1
1 -4 -4 -4 0 0 0 0 0 0 0 0 0 0 0 0 0 0 1
1 2 1 1 1 1 1 1 1 1 1 1 1 1 1 1 1 1 1